#Position (bp)	insert size	chromosomes
3877256.5	15672.079399259808	0.0
1.16317685E7	29061.014243110993	828.0
1.93862805E7	19089.467062955147	0.0
2.71407925E7	17740.35709166304	0.0
3.48953045E7	12504.761876207132	828.0
4.26498165E7	15988.31251812078	0.0
5.04043285E7	11060.41475259732	0.0
5.81588405E7	9481.535128629599	828.0
6.59133525E7	9668.22055105793	0.0
7.36678645E7	7188.004873554702	0.0
8.14223765E7	5455.201752215348	828.0
8.91768885E7	6503.986262602229	0.0
9.69314005E7	4845.830618022844	0.0
1.046859125E8	4344.664735261082	828.0
1.124404245E8	5235.458371845962	0.0
1.201949365E8	2048.143922667195	0.0
1.279494485E8	0.0	828.0
1.357039605E8	0.0	0.0
1.434584725E8	2623.0081977138293	0.0
1.512129845E8	3463.194755818294	828.0
1.589674965E8	1868.9459990417286	0.0
1.667220085E8	2000.581178539695	0.0
1.744765205E8	2310.266064954662	828.0
1.822310325E8	980.7085867705125	0.0
1.899855445E8	1341.126907583708	0.0
1.977400565E8	1313.376680489724	828.0
2.054945685E8	1271.7732457684942	0.0
2.132490805E8	593.8834816198877	0.0
2.210035925E8	627.3045320890036	828.0
2.287581045E8	505.0094290942344	0.0
2.365126165E8	395.38454918717514	0.0
2.442671285E8	375.8203794526776	828.0
2.48697503E8	372.67884505515434	0.0
2.52574759E8	18568.701114497788	0.0
2.597761525E8	10731.306726040384	828.0
2.675306645E8	12845.602194783516	0.0
2.752851765E8	12410.784414244245	0.0
2.830396885E8	916342.6069262528	828.0
2.907942005E8	12512.762636097284	0.0
2.985487125E8	12185.809551699136	0.0
3.063032245E8	7906.614501730066	828.0
3.140577365E8	8936.843430768658	0.0
3.218122485E8	8489.026745775736	0.0
3.295667605E8	4415.273366879459	828.0
3.373212725E8	8774.98325263382	0.0
3.450757845E8	2385.553934308874	0.0
3.528302965E8	3729.0796822057528	828.0
3.605848085E8	6090.791936685989	0.0
3.683393205E8	4004.3955880135536	0.0
3.760938325E8	3779.171223931104	828.0
3.838483445E8	2315.3621117644525	0.0
3.916028565E8	3286.0271860780376	0.0
3.993573685E8	2466.5353963030147	828.0
4.071118805E8	3604.5059055081715	0.0
4.148663925E8	1688.7952824991908	0.0
4.226209045E8	1406.257691120394	828.0
4.303754165E8	1304.9496943105673	0.0
4.381299285E8	683.2160308048035	0.0
4.458844405E8	886.375418528871	828.0
4.536389525E8	744.0396227782509	0.0
4.613934645E8	577.7371928843111	0.0
4.691479765E8	728.7974046159281	828.0
4.769024885E8	412.6670953333303	0.0
4.846570005E8	417.6961445503286	0.0
4.904921255E8	370.403070578311	828.0
4.943693815E8	8757.324870217513	0.0
5.001660245E8	7511.035070220346	0.0
5.079205365E8	6790.883960695632	828.0
5.156750485E8	6960.989286965933	0.0
5.234295605E8	8838.17573618922	0.0
5.311840725E8	7274.739216724123	828.0
5.389385845E8	8060.925318862281	0.0
5.466930965E8	5836.757317806849	0.0
5.544476085E8	4536.0375511451975	828.0
5.622021205E8	6880.076478303629	0.0
5.699566325E8	3956.000971592941	0.0
5.777111445E8	4835.311392162214	828.0
5.854656565E8	2521.7640036745643	0.0
5.932201685E8	2292.968697271841	0.0
6.009746805E8	2053.7801424707077	828.0
6.087291925E8	1197.0622715434472	0.0
6.164837045E8	1771.3033795088475	0.0
6.242382165E8	1615.6153595610933	828.0
6.319927285E8	1355.4047726586316	0.0
6.397472405E8	646.391406157307	0.0
6.475017525E8	1278.4131334593976	828.0
6.552562645E8	579.7434620369853	0.0
6.630107765E8	640.5210010188138	0.0
6.707652885E8	450.31135876817604	828.0
6.785198005E8	427.6506358903826	0.0
6.862743125E8	372.95698177454267	0.0
6.903119965E8	362.8756967542149	828.0
6.941892525E8	10114.171790940065	0.0
7.017833365E8	7142.361448046116	0.0
7.095378485E8	8122.224110345476	828.0
7.172923605E8	7895.279032912236	0.0
7.250468725E8	4023.3249523798436	0.0
7.328013845E8	6446.79659974589	828.0
7.405558965E8	3440.541717874629	0.0
7.483104085E8	5313.26383071001	0.0
7.560649205E8	2404.1509389323696	828.0
7.638194325E8	2794.3235631132648	0.0
7.715739445E8	4179.321661021407	0.0
7.793284565E8	2461.177516148157	828.0
7.870829685E8	2156.9694164635516	0.0
7.948374805E8	2474.7256238123064	0.0
8.025919925E8	1540.6334329666347	828.0
8.103465045E8	1066.715643309903	0.0
8.181010165E8	1507.9957723781217	0.0
8.258555285E8	991.3767623400909	828.0
8.336100405E8	914.2520489106213	0.0
8.413645525E8	725.8302015227373	0.0
8.491190645E8	630.1122150289315	828.0
8.568735765E8	566.0591854662823	0.0
8.646280885E8	394.23951787761814	0.0
8.723826005E8	387.1029782571018	828.0
8.789432785E8	367.43514733123817	0.0
8.828205345E8	7280.0292369852905	0.0
8.878916245E8	5707.682282167187	828.0
8.956461365E8	7834.108015969889	0.0
9.034006485E8	9020.56959858816	0.0
9.111551605E8	3166.616961609791	828.0
9.189096725E8	2656.1811636812668	0.0
9.266641845E8	5052.04357641847	0.0
9.344186965E8	3257.131240910949	828.0
9.421732085E8	3358.7192015766486	0.0
9.499277205E8	3867.350819813633	0.0
9.576822325E8	3362.795282536401	828.0
9.654367445E8	2757.648803060392	0.0
9.731912565E8	2119.1482418707583	0.0
9.809457685E8	2042.7353454575536	828.0
9.887002805E8	1740.2230618844237	0.0
9.964547925E8	1477.9595416042932	0.0
1.0042093045E9	1122.1882017271005	828.0
1.0119638165E9	1369.9791770610825	0.0
1.0197183285E9	828.0303956748868	0.0
1.0274728405E9	706.3347581550241	828.0
1.0352273525E9	507.7812405971636	0.0
1.0429818645E9	544.5242437743505	0.0
1.0507363765E9	431.241287382796	828.0
1.0584908885E9	388.8603642248347	0.0
1.0624550525E9	366.47706533150284	0.0
1.0663323085E9	6701.108776586117	828.0
1.0739999125E9	6930.04455917417	0.0
1.0817544245E9	7266.997772955909	0.0
1.0895089365E9	6105.0478668303895	828.0
1.0972634485E9	5547.578283516818	0.0
1.1050179605E9	3920.018322689572	0.0
1.1127724725E9	4078.042430306402	828.0
1.1205269845E9	2147.6681460455525	0.0
1.1282814965E9	2173.8322326694606	0.0
1.1360360085E9	2391.4384817960854	828.0
1.1437905205E9	1257.245234621246	0.0
1.1515450325E9	2038.7454667580687	0.0
1.1592995445E9	1258.6892510909731	828.0
1.1670540565E9	1327.2372631524822	0.0
1.1748085685E9	977.0351553995644	0.0
1.1825630805E9	895.0705119742422	828.0
1.1903175925E9	619.9656290568381	0.0
1.1980721045E9	634.3183789010295	0.0
1.2058266165E9	410.8975747098783	828.0
1.2135811285E9	566.3551582352178	0.0
1.2213356405E9	406.207173607629	0.0
1.2290901525E9	380.64043908307417	828.0
1.233312218E9	366.1523410610321	0.0
1.237189474E9	12286.925161332905	0.0
1.2445991765E9	6111.112313196173	828.0
1.2523536885E9	5235.731016062306	0.0
1.2601082005E9	4817.633840321017	0.0
1.2678627125E9	4859.320606423518	828.0
1.2756172245E9	4092.7861909944613	0.0
1.2833717365E9	2005.66576076886	0.0
1.2911262485E9	3461.8439897979374	828.0
1.2988807605E9	2996.662575056628	0.0
1.3066352725E9	4879.799786121903	0.0
1.3143897845E9	1745.3154144550379	828.0
1.3221442965E9	1698.158582328099	0.0
1.3298988085E9	1964.2725972753917	0.0
1.3376533205E9	3079.48766599043	828.0
1.3454078325E9	942.1605812846502	0.0
1.3531623445E9	1479.08444729221	0.0
1.3609168565E9	770.749787073761	828.0
1.3686713685E9	504.4677450014048	0.0
1.3764258805E9	574.9477763190362	0.0
1.3841803925E9	458.39675910520197	828.0
1.3904266695E9	376.64560307943884	0.0
1.3943039255E9	3374.29301292759	0.0
1.3996894165E9	5241.737674731473	828.0
1.4074439285E9	4474.732551087572	0.0
1.4151984405E9	4212.430328000075	0.0
1.4229529525E9	2856.046260711682	828.0
1.4307074645E9	3285.828559069957	0.0
1.4384619765E9	859.1177080320483	0.0
1.4462164885E9	1677.023590350307	828.0
1.4539710005E9	1251.2479447289913	0.0
1.4617255125E9	1486.822424594646	0.0
1.4694800245E9	1599.797420573103	828.0
1.4772345365E9	987.4748177944304	0.0
1.4849890485E9	776.7601839413041	0.0
1.4927435605E9	816.2310232475062	828.0
1.5004980725E9	642.7281758369845	0.0
1.5082525845E9	676.5742255417784	0.0
1.5160070965E9	547.1271094858741	828.0
1.5237616085E9	436.11657343052497	0.0
1.5315161205E9	373.75345819413	0.0
1.5372765445E9	397.89632927954887	828.0
1.5411538005E9	6664.656242460691	0.0
1.5470251445E9	8768.132944874573	0.0
1.5547796565E9	2744.3245305697856	828.0
1.5625341685E9	3019.962341708514	0.0
1.5702886805E9	3575.6087925810407	0.0
1.5780431925E9	6234.297308110025	828.0
1.5857977045E9	5827.742893197977	0.0
1.5935522165E9	0.0	0.0
1.6013067285E9	4234.465543911211	828.0
1.6090612405E9	1277.9076127263745	0.0
1.6168157525E9	1950.8843510519516	0.0
1.6245702645E9	1653.5389223756652	828.0
1.6323247765E9	1268.009778354804	0.0
1.6400792885E9	964.9887113313105	0.0
1.6478338005E9	606.6922806056575	828.0
1.6555883125E9	593.7728835338154	0.0
1.6633428245E9	459.834499134719	0.0
1.6710973365E9	428.1195785371159	828.0
1.677673868E9	386.5351341571287	0.0
1.681551124E9	6078.951223932496	0.0
1.6866063605E9	5869.76985522996	828.0
1.6943608725E9	6713.576902268459	0.0
1.7021153845E9	5522.65675821646	0.0
1.7098698965E9	7680.438214466271	828.0
1.7176244085E9	9826.89460644717	0.0
1.7253789205E9	1138.5137023389138	0.0
1.7331334325E9	2003.2284701099063	828.0
1.7408879445E9	1937.5231735503387	0.0
1.7486424565E9	1334.9540167476077	0.0
1.7563969685E9	1353.548468109186	828.0
1.7641514805E9	1042.8424670873987	0.0
1.7719059925E9	757.4080136592246	0.0
1.7796605045E9	695.122853180766	828.0
1.7874150165E9	523.8712708931032	0.0
1.7951695285E9	449.05641869361614	0.0
1.8029240405E9	427.93632034684083	828.0
1.8106785525E9	386.1204233212529	0.0
1.8152318495E9	370.0014901688418	0.0
1.8191091055E9	4456.224052723817	828.0
1.8261875765E9	3293.2214454402133	0.0
1.8339420885E9	2971.792065326503	0.0
1.8416966005E9	2550.179580622009	828.0
1.8494511125E9	2000.5553743292658	0.0
1.8572056245E9	2953.3555528651586	0.0
1.8649601365E9	1813.759041077459	828.0
1.8727146485E9	1626.0579499358412	0.0
1.8804691605E9	4451.616927267866
1.8882236725E9	1312.1789503887098
1.8959781845E9	1045.7046682843434
1.9037326965E9	685.4652504780115
1.9114872085E9	611.0609064882178
1.9192417205E9	544.2850035630146
1.9269962325E9	725.1414660927383
1.9347507445E9	379.85281320517134
1.9425052565E9	384.14140255413156
1.9486484595E9	369.9660313658825
1.9525257155E9	6369.042499339543
1.9580142805E9	6388.176089355643
1.9657687925E9	5273.330939591791
1.9735233045E9	4462.182026699702
1.9812778165E9	3171.192757968871
1.9890323285E9	2370.270313873113
1.9967868405E9	2915.6634242009636
2.0045413525E9	3374.2837082920482
2.0122958645E9	1883.7560033016414
2.0200503765E9	1964.4634977252244
2.0278048885E9	1004.4705385269839
2.0355594005E9	872.6276065487167
2.0433139125E9	930.6540707975523
2.0510684245E9	783.1174596968211
2.0588229365E9	709.9438318588575
2.0665774485E9	688.3767642875215
2.0743319605E9	474.26410580470105
2.081487759E9	374.15289964665595
2.085365015E9	0.0
2.0898409845E9	0.0
2.0975954965E9	0.0
2.1053500085E9	2736.055309488304
2.1131045205E9	1797.6065336815402
2.1208590325E9	1604.2151323315443
2.1286135445E9	1717.790062697386
2.1363680565E9	1013.834851540479
2.1441225685E9	1193.4287541550536
2.1518770805E9	834.4554501131383
2.1596315925E9	426.7202118727616
2.1673861045E9	459.1932461132711
2.1751406165E9	492.20740329540007
2.1828951285E9	413.34516901947484
2.1906496405E9	370.351603074447
2.197231538E9	368.2766024898318
2.201108794E9	0.0
2.2061586645E9	0.0
2.2139131765E9	0.0
2.2216676885E9	1830.2373709485803
2.2294222005E9	1108.4029621364336
2.2371767125E9	2537.7074176941474
2.2449312245E9	1180.7773169802845
2.2526857365E9	1065.4330960053437
2.2604402485E9	1081.9190904250434
2.2681947605E9	854.4273182698159
2.2759492725E9	910.9039184507324
2.2837037845E9	464.6673986870923
2.2914582965E9	410.26381502910743
2.2992128085E9	578.842742806338
2.305187892E9	381.4490331973074
2.309065148E9	0.0
2.3147218325E9	0.0
2.3224763445E9	0.0
2.3302308565E9	1912.580996441775
2.3379853685E9	3157.8022696157173
2.3457398805E9	1874.421951321756
2.3534943925E9	1853.0474566511382
2.3612489045E9	1413.9747110257433
2.3690034165E9	858.1959182258381
2.3767579285E9	755.133642690589
2.3845124405E9	579.5171467836427
2.3922669525E9	468.55849487257666
2.4000214645E9	425.60021523098027
2.406857916E9	388.4839182370145
2.410735172E9	2942.219631111545
2.4155304885E9	4676.412652887895
2.4232850005E9	3687.2793238580075
2.4310395125E9	3038.461097911502
2.4387940245E9	2407.661528161173
2.4465485365E9	32268.868060318997
2.4543030485E9	511.49358417434655
2.4620575605E9	985.0366816054767
2.4698120725E9	875.7400074928833
2.4775665845E9	599.116248861956
2.4853210965E9	486.23546643420826
2.4930756085E9	385.9379003423493
2.4985623645E9	377.1805758393088
2.5024396205E9	4678.520938268531
2.5085846325E9	3155.4577626984096
2.5163391445E9	2414.5891711177524
2.5240936565E9	1634.31026902594
2.5318481685E9	2068.4032220280037
2.5396026805E9	1856.4159450299599
2.5473571925E9	1242.3929599309336
2.5551117045E9	695.6253589197132
2.5628662165E9	646.1273846821141
2.5706207285E9	421.99479714067036
2.5779325295E9	394.0799977214823
2.5818097855E9	924.8331528871391
2.5861297525E9	1210.8210017669821
2.5938842645E9	1872.2412511221783
2.6016387765E9	1116.1571659379665
2.6093932885E9	726.8229459409974
2.6171478005E9	753.7542901224086
2.6249023125E9	604.0059929204918
2.6326568245E9	564.1190639384813
2.6404113365E9	493.2399411758388
2.6481658485E9	389.7574923743938
2.6557437135E9	373.06362229918244
2.6596209695E9	3273.800402527701
2.6636748725E9	3900.937326371911
2.6714293845E9	3041.0321517662187
2.6791838965E9	1910.012869271505
2.6869384085E9	676.9747384823123
2.6946929205E9	857.1975281757742
2.7024474325E9	745.1554386204125
2.7102019445E9	542.6754177678608
2.716326253E9	380.8031835548724
2.720203509E9	1259.578888461327
2.7257109685E9	1331.35315703904
2.7334654805E9	817.6313309731562
2.7412199925E9	683.8354802097524
2.7489745045E9	742.3542034515965
2.7567290165E9	723.5006675072983
2.7644835285E9	431.3944366503285
2.7722380405E9	399.9383634498341
2.778857061E9	375.64198624447886
2.782734317E9	0.0
2.7877470645E9	399.07431571561347
2.7955015765E9	585.0794019702448
2.8032560885E9	459.4166295022563
2.8110106005E9	461.31384498894226
2.8187651125E9	442.63651598417425
2.8261855445E9	379.3779241711396
2.8300628005E9	0.0
2.8342741365E9	0.0
2.8420286485E9	368.5640074211503
2.8497831605E9	836.0269312298856
2.8575376725E9	702.8976160980376
2.8652921845E9	489.29966876985804
2.8730466965E9	420.83246783236314
2.8789786195E9	370.1903298435013
2.8828558755E9	5984.171909633515
2.8885557205E9	4280.211660436418
2.8963102325E9	3644.704215619758
2.9040647445E9	4386.967848057407
2.9118192565E9	4246.209918269176
2.9195737685E9	2019.322360737763
2.9273282805E9	3916.9022146088087
2.9350827925E9	1386.3318861943715
2.9428373045E9	1122.7723699693263
2.9505918165E9	1976.6789310032962
2.9583463285E9	1864.056692440701
2.9661008405E9	1386.4251045229566
2.9738553525E9	1140.374508106884
2.9816098645E9	852.9646406027092
2.9893643765E9	521.3678785569246
2.9971188885E9	747.8385127133596
3.0048734005E9	602.9178133681014
3.0126279125E9	469.72552423809753
3.0203824245E9	412.024925537526
3.0281369365E9	379.09732381609166
3.0341590195E9	370.55832727539297
3.0380362755E9	367.4494209482373
3.0436459605E9	521.7451631486524
3.0514004725E9	33580.94794171606
3.0591549845E9	445.42512184546524
3.0669094965E9	35153.20577164366
3.0746640085E9	0.0
3.0824185205E9	0.0
3.0901730325E9	0.0
3.0948638505E9	370.4444403548943
3.095685697E9	374.75667501753685
3.0956961125E9	323.2660753880266
3.0957057475E9	366.768103013311
3.095723208E9	368.1687216681777
3.0957468575E9	368.2043994549348
3.0957743915E9	369.35243055555554
3.0958051445E9	367.07834611431736
3.0958392935E9	364.8127232914602
3.0958746045E9	363.5989148580968
3.0959108895E9	365.3888804955431
3.095947426E9	368.32052448082464
3.095984339E9	373.85540334855403
3.0960216755E9	367.535955831608
3.0960595015E9	366.6858369098712
3.0960978295E9	370.0253164556962
3.0961365375E9	369.463768115942
3.0961758875E9	368.7000372162263
3.096215745E9	367.60369774919616
3.096255679E9	368.11053484602917
3.0962957E9	373.0987113402062
3.096336017E9	369.55364270591093
3.0963766085E9	368.908179377862
3.096417435E9	372.12994350282486
3.096458902E9	368.77786927431805
3.0965008355E9	370.43359129889143
3.0965428785E9	367.2782472813088
3.096585625E9	365.30957438439145
3.096629057E9	372.102962962963
3.096672664E9	365.0307733238737
3.096717443E9	368.7386352079732
3.096763347E9	366.042181309718
3.0968269725E9	373.32969359331474
3.09691267E9	368.5002865876958
3.097004057E9	352.85088544785697
3.097103618E9	368.5255295429208
3.0972210215E9	365.34037718700296
3.0973497685E9	364.0488056620466
3.0974831875E9	364.3962667625957
3.097629745E9	368.1644780695907
3.097787028E9	379.3555498590105
3.097947186E9	369.3902373298943
3.0981086605E9	372.9818308892673
3.098271681E9	365.67464862051014
3.0984370835E9	366.32996133130786
3.0986053035E9	357.053882906496
3.098776315E9	366.5561403508772
3.0989485365E9	404.03406023272436
3.099120956E9	369.2985823981099
3.0992945225E9	367.1599042202933
3.0994714155E9	369.3659396738905
3.099650861E9	365.0650354819633
3.099830935E9	366.65670973041597
3.1000126105E9	369.68489417935217
3.1001974875E9	354.6840691436519
3.100384347E9	365.86372385149167
3.100571295E9	368.2053418559525
3.100759707E9	367.45611523532625
3.100950336E9	368.7129849620851
3.101151657E9	466.76423457211047
3.1015309915E9	368.8669433526647
