#Insert size (bp)	insert size
0.0	1.5806126E7
1.0	4503.0
2.0	6137.0
3.0	6190.0
4.0	6312.0
5.0	6522.0
6.0	6381.0
7.0	6199.0
8.0	6375.0
9.0	6150.0
10.0	6194.0
11.0	6052.0
12.0	6238.0
13.0	6143.0
14.0	6137.0
15.0	5917.0
16.0	6077.0
17.0	6058.0
18.0	5881.0
19.0	5672.0
20.0	5682.0
21.0	5690.0
22.0	5622.0
23.0	5498.0
24.0	5396.0
25.0	5486.0
26.0	5419.0
27.0	5454.0
28.0	5762.0
29.0	5627.0
30.0	6263.0
31.0	6383.0
32.0	6412.0
33.0	6437.0
34.0	6721.0
35.0	7113.0
36.0	7227.0
37.0	7452.0
38.0	7521.0
39.0	7696.0
40.0	8604.0
41.0	10769.0
42.0	12493.0
43.0	15111.0
44.0	17141.0
45.0	18510.0
46.0	20225.0
47.0	20740.0
48.0	20549.0
49.0	21352.0
50.0	21339.0
51.0	22167.0
52.0	21822.0
53.0	22848.0
54.0	23915.0
55.0	23171.0
56.0	24564.0
57.0	23867.0
58.0	24298.0
59.0	25756.0
60.0	26650.0
61.0	28713.0
62.0	27839.0
63.0	29536.0
64.0	30344.0
65.0	33286.0
66.0	35057.0
67.0	30217.0
68.0	30142.0
69.0	32930.0
70.0	39200.0
71.0	29405.0
72.0	28153.0
73.0	29894.0
74.0	32128.0
75.0	29246.0
76.0	29039.0
77.0	31679.0
78.0	30543.0
79.0	29346.0
80.0	28195.0
81.0	36925.0
82.0	31025.0
83.0	31338.0
84.0	33846.0
85.0	33733.0
86.0	34018.0
87.0	31865.0
88.0	37396.0
89.0	34710.0
90.0	33979.0
91.0	34043.0
92.0	34425.0
93.0	34897.0
94.0	35481.0
95.0	36968.0
96.0	37147.0
97.0	40757.0
98.0	37941.0
99.0	43121.0
100.0	40161.0
101.0	38605.0
102.0	39644.0
103.0	47358.0
104.0	42227.0
105.0	42705.0
106.0	51438.0
107.0	44194.0
108.0	46413.0
109.0	47521.0
110.0	57104.0
111.0	43392.0
112.0	43875.0
113.0	43366.0
114.0	46302.0
115.0	43156.0
116.0	45638.0
117.0	39405.0
118.0	41288.0
119.0	42335.0
120.0	44854.0
121.0	46049.0
122.0	42644.0
123.0	44490.0
124.0	43590.0
125.0	40969.0
126.0	40588.0
127.0	40304.0
128.0	42064.0
129.0	42484.0
130.0	41394.0
131.0	41708.0
132.0	42532.0
133.0	44834.0
134.0	47285.0
135.0	52923.0
136.0	47586.0
137.0	49789.0
138.0	51858.0
139.0	59364.0
140.0	53866.0
141.0	52826.0
142.0	56519.0
143.0	54878.0
144.0	55845.0
145.0	57616.0
146.0	59338.0
147.0	58824.0
148.0	61352.0
149.0	70208.0
150.0	69682.0
151.0	63712.0
152.0	59128.0
153.0	64300.0
154.0	74234.0
155.0	63287.0
156.0	58292.0
157.0	61999.0
158.0	60321.0
159.0	61737.0
160.0	60816.0
161.0	60346.0
162.0	61518.0
163.0	63995.0
164.0	65025.0
165.0	66077.0
166.0	67221.0
167.0	71020.0
168.0	70101.0
169.0	71448.0
170.0	72742.0
171.0	73748.0
172.0	74240.0
173.0	77378.0
174.0	80094.0
175.0	80743.0
176.0	88290.0
177.0	84394.0
178.0	84555.0
179.0	86664.0
180.0	89011.0
181.0	91292.0
182.0	93829.0
183.0	93871.0
184.0	96337.0
185.0	99930.0
186.0	100950.0
187.0	103232.0
188.0	107715.0
189.0	109219.0
190.0	111889.0
191.0	114861.0
192.0	117142.0
193.0	119892.0
194.0	122469.0
195.0	125810.0
196.0	135926.0
197.0	133015.0
198.0	141069.0
199.0	142128.0
200.0	144761.0
201.0	146381.0
202.0	150512.0
203.0	152642.0
204.0	155729.0
205.0	161360.0
206.0	164084.0
207.0	168697.0
208.0	173832.0
209.0	178178.0
210.0	180550.0
211.0	185366.0
212.0	191196.0
213.0	194659.0
214.0	200284.0
215.0	205491.0
216.0	210792.0
217.0	217095.0
218.0	222800.0
219.0	228771.0
220.0	238076.0
221.0	240141.0
222.0	246794.0
223.0	252055.0
224.0	260739.0
225.0	264160.0
226.0	272233.0
227.0	278410.0
228.0	286391.0
229.0	297647.0
230.0	302752.0
231.0	310371.0
232.0	318375.0
233.0	325984.0
234.0	332630.0
235.0	342045.0
236.0	352338.0
237.0	363297.0
238.0	374799.0
239.0	382100.0
240.0	391122.0
241.0	403781.0
242.0	413551.0
243.0	422048.0
244.0	428974.0
245.0	437476.0
246.0	449760.0
247.0	459998.0
248.0	473417.0
249.0	484870.0
250.0	497278.0
251.0	508992.0
252.0	526183.0
253.0	532786.0
254.0	545114.0
255.0	556672.0
256.0	570936.0
257.0	582603.0
258.0	599234.0
259.0	618197.0
260.0	630785.0
261.0	646846.0
262.0	661539.0
263.0	677002.0
264.0	696798.0
265.0	707980.0
266.0	727368.0
267.0	760333.0
268.0	757590.0
269.0	773466.0
270.0	796314.0
271.0	813588.0
272.0	830538.0
273.0	846086.0
274.0	863902.0
275.0	882192.0
276.0	898177.0
277.0	920065.0
278.0	931188.0
279.0	952850.0
280.0	975495.0
281.0	997082.0
282.0	1017708.0
283.0	1045334.0
284.0	1057090.0
285.0	1073472.0
286.0	1093658.0
287.0	1115116.0
288.0	1140577.0
289.0	1160219.0
290.0	1185542.0
291.0	1212840.0
292.0	1236785.0
293.0	1258064.0
294.0	1277779.0
295.0	1300884.0
296.0	1325833.0
297.0	1340186.0
298.0	1370485.0
299.0	1387004.0
300.0	1414233.0
301.0	1444960.0
302.0	1468670.0
303.0	1493624.0
304.0	1516216.0
305.0	1535828.0
306.0	1555532.0
307.0	1578279.0
308.0	1601177.0
309.0	1623955.0
310.0	1655688.0
311.0	1679093.0
312.0	1702505.0
313.0	1728627.0
314.0	1753250.0
315.0	1775836.0
316.0	1794019.0
317.0	1813700.0
318.0	1832303.0
319.0	1858341.0
320.0	1882453.0
321.0	1905876.0
322.0	1926911.0
323.0	1949144.0
324.0	1983084.0
325.0	1992915.0
326.0	2009392.0
327.0	2024486.0
328.0	2044000.0
329.0	2057556.0
330.0	2077840.0
331.0	2100286.0
332.0	2120841.0
333.0	2140856.0
334.0	2161634.0
335.0	2176025.0
336.0	2187703.0
337.0	2203767.0
338.0	2210819.0
339.0	2223906.0
340.0	2236619.0
341.0	2255555.0
342.0	2268661.0
343.0	2282454.0
344.0	2298750.0
345.0	2307114.0
346.0	2319294.0
347.0	2327030.0
348.0	2330721.0
349.0	2330191.0
350.0	2341175.0
351.0	2344939.0
352.0	2361028.0
353.0	2367537.0
354.0	2371596.0
355.0	2381034.0
356.0	2386183.0
357.0	2382245.0
358.0	2381863.0
359.0	2380678.0
360.0	2376081.0
361.0	2376607.0
362.0	2381575.0
363.0	2382593.0
364.0	2382167.0
365.0	2385430.0
366.0	2378784.0
367.0	2379939.0
368.0	2370766.0
369.0	2364900.0
370.0	2353785.0
371.0	2344434.0
372.0	2337373.0
373.0	2356024.0
374.0	2329573.0
375.0	2328674.0
376.0	2327142.0
377.0	2314660.0
378.0	2301434.0
379.0	2288932.0
380.0	2272582.0
381.0	2262271.0
382.0	2251712.0
383.0	2244297.0
384.0	2233835.0
385.0	2225023.0
386.0	2214320.0
387.0	2205257.0
388.0	2190582.0
389.0	2174089.0
390.0	2154173.0
391.0	2140014.0
392.0	2122809.0
393.0	2111460.0
394.0	2113141.0
395.0	2083138.0
396.0	2071217.0
397.0	2058504.0
398.0	2042495.0
399.0	2022059.0
400.0	2002832.0
401.0	1983392.0
402.0	1966835.0
403.0	1946019.0
404.0	1936239.0
405.0	1919353.0
406.0	1903474.0
407.0	1885511.0
408.0	1865049.0
409.0	1849907.0
410.0	1830432.0
411.0	1805054.0
412.0	1788550.0
413.0	1767136.0
414.0	1748275.0
415.0	1735566.0
416.0	1717335.0
417.0	1703111.0
418.0	1680677.0
419.0	1666843.0
420.0	1642470.0
421.0	1623718.0
422.0	1602090.0
423.0	1581317.0
424.0	1561665.0
425.0	1544317.0
426.0	1527929.0
427.0	1512433.0
428.0	1494826.0
429.0	1473996.0
430.0	1454054.0
431.0	1435911.0
432.0	1415138.0
433.0	1394647.0
434.0	1376981.0
435.0	1367212.0
436.0	1344127.0
437.0	1342223.0
438.0	1307446.0
439.0	1296333.0
440.0	1282094.0
441.0	1256421.0
442.0	1235178.0
443.0	1216155.0
444.0	1197468.0
445.0	1186045.0
446.0	1164463.0
447.0	1147278.0
448.0	1131270.0
449.0	1114701.0
450.0	1096074.0
451.0	1080434.0
452.0	1063357.0
453.0	1043274.0
454.0	1024905.0
455.0	1009074.0
456.0	990214.0
457.0	975426.0
458.0	960786.0
459.0	945144.0
460.0	931870.0
461.0	919915.0
462.0	900542.0
463.0	884147.0
464.0	869024.0
465.0	851913.0
466.0	837816.0
467.0	825987.0
468.0	810271.0
469.0	799050.0
470.0	785258.0
471.0	770131.0
472.0	755814.0
473.0	744071.0
474.0	728957.0
475.0	714875.0
476.0	715917.0
477.0	690234.0
478.0	682853.0
479.0	666609.0
480.0	652233.0
481.0	639383.0
482.0	630054.0
483.0	615715.0
484.0	602713.0
485.0	594959.0
486.0	579708.0
487.0	568753.0
488.0	558011.0
489.0	547018.0
490.0	537380.0
491.0	527373.0
492.0	514484.0
493.0	507144.0
494.0	495835.0
495.0	484491.0
496.0	475173.0
497.0	465545.0
498.0	455421.0
499.0	445705.0
500.0	439259.0
501.0	428669.0
502.0	418078.0
503.0	409742.0
504.0	402742.0
505.0	391715.0
506.0	382457.0
507.0	373998.0
508.0	366362.0
509.0	358409.0
510.0	351826.0
511.0	343622.0
512.0	337782.0
513.0	328673.0
514.0	324137.0
515.0	315402.0
516.0	306453.0
517.0	300388.0
518.0	292961.0
519.0	285984.0
520.0	280125.0
521.0	274773.0
522.0	268566.0
523.0	262759.0
524.0	258520.0
525.0	252022.0
526.0	245980.0
527.0	238650.0
528.0	234183.0
529.0	229149.0
530.0	222447.0
531.0	217579.0
532.0	212994.0
533.0	207789.0
534.0	203206.0
535.0	199836.0
536.0	193288.0
537.0	189426.0
538.0	184038.0
539.0	179698.0
540.0	173731.0
541.0	170994.0
542.0	166039.0
543.0	162881.0
544.0	159520.0
545.0	155329.0
546.0	150755.0
547.0	148859.0
548.0	143666.0
549.0	140143.0
550.0	136279.0
551.0	133239.0
552.0	130708.0
553.0	128032.0
554.0	124416.0
555.0	123344.0
556.0	118282.0
557.0	115239.0
558.0	112264.0
559.0	109393.0
560.0	107491.0
561.0	103903.0
562.0	101191.0
563.0	99000.0
564.0	96776.0
565.0	94197.0
566.0	91767.0
567.0	89927.0
568.0	86970.0
569.0	85597.0
570.0	83582.0
571.0	80990.0
572.0	78581.0
573.0	76057.0
574.0	75285.0
575.0	79546.0
576.0	71455.0
577.0	68752.0
578.0	67388.0
579.0	65619.0
580.0	64179.0
581.0	62250.0
582.0	60632.0
583.0	59771.0
584.0	57798.0
585.0	56232.0
586.0	54840.0
587.0	53599.0
588.0	52502.0
589.0	50957.0
590.0	50397.0
591.0	48672.0
592.0	47328.0
593.0	46634.0
594.0	45266.0
595.0	43827.0
596.0	43053.0
597.0	41946.0
598.0	41417.0
599.0	39979.0
600.0	39473.0
601.0	38778.0
602.0	37405.0
603.0	37020.0
604.0	36068.0
605.0	34427.0
606.0	33997.0
607.0	32775.0
608.0	32540.0
609.0	32624.0
610.0	30361.0
611.0	30548.0
612.0	29093.0
613.0	28391.0
614.0	27507.0
615.0	27111.0
616.0	26623.0
617.0	25667.0
618.0	25425.0
619.0	24989.0
620.0	24003.0
621.0	23400.0
622.0	23069.0
623.0	22703.0
624.0	21906.0
625.0	21442.0
626.0	21161.0
627.0	20534.0
628.0	20169.0
629.0	19903.0
630.0	19039.0
631.0	18624.0
632.0	18144.0
633.0	18723.0
634.0	17400.0
635.0	17194.0
636.0	17098.0
637.0	16312.0
638.0	15876.0
639.0	15360.0
640.0	15382.0
641.0	14815.0
642.0	14376.0
643.0	14352.0
644.0	14031.0
645.0	13817.0
646.0	14292.0
647.0	13152.0
648.0	12938.0
649.0	12911.0
650.0	12651.0
651.0	12206.0
652.0	12106.0
653.0	11710.0
654.0	12242.0
655.0	11582.0
656.0	11413.0
657.0	10927.0
658.0	10940.0
659.0	10566.0
660.0	10462.0
661.0	11319.0
662.0	10538.0
663.0	10761.0
664.0	9975.0
665.0	11100.0
666.0	9762.0
667.0	9723.0
668.0	9288.0
669.0	9782.0
670.0	8955.0
671.0	8577.0
672.0	8511.0
673.0	8470.0
674.0	7991.0
675.0	7786.0
676.0	7788.0
677.0	7629.0
678.0	7422.0
679.0	7634.0
680.0	7261.0
681.0	7194.0
682.0	7055.0
683.0	7233.0
684.0	6707.0
685.0	6759.0
686.0	6721.0
687.0	7297.0
688.0	6925.0
689.0	5828.0
690.0	5738.0
691.0	6162.0
692.0	5543.0
693.0	5614.0
694.0	5172.0
695.0	4945.0
696.0	4524.0
697.0	4330.0
698.0	4318.0
699.0	4537.0
700.0	4312.0
701.0	3809.0
702.0	3689.0
703.0	3474.0
704.0	3491.0
705.0	3413.0
706.0	2813.0
707.0	2607.0
708.0	2640.0
709.0	2470.0
710.0	2439.0
711.0	2426.0
712.0	2371.0
713.0	2463.0
714.0	2211.0
715.0	2278.0
716.0	2175.0
717.0	2196.0
718.0	2095.0
719.0	2077.0
720.0	2025.0
721.0	1959.0
722.0	1994.0
723.0	1916.0
724.0	1890.0
725.0	1822.0
726.0	1728.0
727.0	1806.0
728.0	1706.0
729.0	1721.0
730.0	1662.0
731.0	1615.0
732.0	1623.0
733.0	1569.0
734.0	1582.0
735.0	1470.0
736.0	1531.0
737.0	1518.0
738.0	1438.0
739.0	1430.0
740.0	1377.0
741.0	1372.0
742.0	1361.0
743.0	1345.0
744.0	1347.0
745.0	1303.0
746.0	1297.0
747.0	1264.0
748.0	1245.0
749.0	1222.0
750.0	1102.0
751.0	1166.0
752.0	1166.0
753.0	1150.0
754.0	1167.0
755.0	1112.0
756.0	1158.0
757.0	1271.0
758.0	1036.0
759.0	1068.0
760.0	1047.0
761.0	1035.0
762.0	991.0
763.0	1004.0
764.0	984.0
765.0	965.0
766.0	949.0
767.0	887.0
768.0	841.0
769.0	862.0
770.0	826.0
771.0	873.0
772.0	770.0
773.0	861.0
774.0	826.0
775.0	882.0
776.0	854.0
777.0	966.0
778.0	812.0
779.0	788.0
780.0	789.0
781.0	675.0
782.0	767.0
783.0	759.0
784.0	762.0
785.0	698.0
786.0	758.0
787.0	705.0
788.0	893.0
789.0	690.0
790.0	645.0
791.0	648.0
792.0	621.0
793.0	691.0
794.0	628.0
795.0	626.0
796.0	612.0
797.0	685.0
798.0	621.0
799.0	640.0
800.0	587.0
801.0	599.0
802.0	592.0
803.0	586.0
804.0	585.0
805.0	536.0
806.0	562.0
807.0	508.0
808.0	549.0
809.0	508.0
810.0	593.0
811.0	589.0
812.0	505.0
813.0	464.0
814.0	576.0
815.0	441.0
816.0	485.0
817.0	482.0
818.0	505.0
819.0	500.0
820.0	559.0
821.0	537.0
822.0	500.0
823.0	468.0
824.0	474.0
825.0	521.0
826.0	462.0
827.0	484.0
828.0	490.0
829.0	453.0
830.0	543.0
