#Insert size (bp)	insert size
0.0	1.5815126E7
2.0	6134.0
3.0	6190.0
4.0	6312.0
5.0	6522.0
6.0	6381.0
7.0	6197.0
8.0	6375.0
9.0	6149.0
10.0	6191.0
11.0	6052.0
12.0	6237.0
13.0	6142.0
14.0	6137.0
15.0	5914.0
16.0	6075.0
17.0	6056.0
18.0	5878.0
19.0	5672.0
20.0	5681.0
21.0	5687.0
22.0	5621.0
23.0	5497.0
24.0	5394.0
25.0	5481.0
26.0	5405.0
27.0	5454.0
28.0	5756.0
29.0	5625.0
30.0	6264.0
31.0	6378.0
32.0	6407.0
33.0	6436.0
34.0	6718.0
35.0	7110.0
36.0	7220.0
37.0	7447.0
38.0	7517.0
39.0	7691.0
40.0	8597.0
41.0	10772.0
42.0	12488.0
43.0	15105.0
44.0	17139.0
45.0	18514.0
46.0	20217.0
47.0	20733.0
48.0	20551.0
49.0	21355.0
50.0	21380.0
51.0	22201.0
52.0	21862.0
53.0	22808.0
54.0	23875.0
55.0	23125.0
56.0	24567.0
57.0	23871.0
58.0	24299.0
59.0	25761.0
60.0	26659.0
61.0	28710.0
62.0	27843.0
63.0	29529.0
64.0	30344.0
65.0	33299.0
66.0	35057.0
67.0	30212.0
68.0	30151.0
69.0	32927.0
70.0	39200.0
71.0	29408.0
72.0	28152.0
73.0	29893.0
74.0	32133.0
75.0	29244.0
76.0	29048.0
77.0	31680.0
78.0	30544.0
79.0	29347.0
80.0	28195.0
81.0	36925.0
82.0	31027.0
83.0	31340.0
84.0	33848.0
85.0	33737.0
86.0	34009.0
87.0	31860.0
88.0	37396.0
89.0	34711.0
90.0	33980.0
91.0	34041.0
92.0	34424.0
93.0	34887.0
94.0	35483.0
95.0	36970.0
96.0	37142.0
97.0	40757.0
98.0	37940.0
99.0	43120.0
100.0	40155.0
101.0	38611.0
102.0	39633.0
103.0	47365.0
104.0	42223.0
105.0	42705.0
106.0	51428.0
107.0	44200.0
108.0	46418.0
109.0	47522.0
110.0	57100.0
111.0	43393.0
112.0	43869.0
113.0	43370.0
114.0	46285.0
115.0	43153.0
116.0	45622.0
117.0	39406.0
118.0	41282.0
119.0	42336.0
120.0	44858.0
121.0	46031.0
122.0	42644.0
123.0	44503.0
124.0	43586.0
125.0	40987.0
126.0	40578.0
127.0	40299.0
128.0	42051.0
129.0	42490.0
130.0	41396.0
131.0	41693.0
132.0	42545.0
133.0	44828.0
134.0	47284.0
135.0	52935.0
136.0	47588.0
137.0	49799.0
138.0	51849.0
139.0	59363.0
140.0	53870.0
141.0	52848.0
142.0	56517.0
143.0	54889.0
144.0	55838.0
145.0	57615.0
146.0	59335.0
147.0	58805.0
148.0	61355.0
149.0	70192.0
150.0	69669.0
151.0	63734.0
152.0	59122.0
153.0	64285.0
154.0	74221.0
155.0	63300.0
156.0	58295.0
157.0	61990.0
158.0	60318.0
159.0	61734.0
160.0	60831.0
161.0	60350.0
162.0	61501.0
163.0	63984.0
164.0	65020.0
165.0	66085.0
166.0	67218.0
167.0	71015.0
168.0	70096.0
169.0	71432.0
170.0	72746.0
171.0	73722.0
172.0	74211.0
173.0	77395.0
174.0	80072.0
175.0	80750.0
176.0	88256.0
177.0	84395.0
178.0	84549.0
179.0	86647.0
180.0	89006.0
181.0	91305.0
182.0	93817.0
183.0	93833.0
184.0	96344.0
185.0	99922.0
186.0	100984.0
187.0	103230.0
188.0	107698.0
189.0	109233.0
190.0	111878.0
191.0	114839.0
192.0	117151.0
193.0	119876.0
194.0	122478.0
195.0	125836.0
196.0	135885.0
197.0	133027.0
198.0	141064.0
199.0	142084.0
200.0	144776.0
201.0	146354.0
202.0	150489.0
203.0	152665.0
204.0	155772.0
205.0	161363.0
206.0	164107.0
207.0	168680.0
208.0	173839.0
209.0	178145.0
210.0	180535.0
211.0	185356.0
212.0	191170.0
213.0	194664.0
214.0	200218.0
215.0	205470.0
216.0	210760.0
217.0	217086.0
218.0	222808.0
219.0	228724.0
220.0	238101.0
221.0	240135.0
222.0	246741.0
223.0	252058.0
224.0	260751.0
225.0	264112.0
226.0	272214.0
227.0	278372.0
228.0	286383.0
229.0	297592.0
230.0	302747.0
231.0	310416.0
232.0	318363.0
233.0	325949.0
234.0	332619.0
235.0	342061.0
236.0	352349.0
237.0	363300.0
238.0	374778.0
239.0	382111.0
240.0	391107.0
241.0	403748.0
242.0	413489.0
243.0	422049.0
244.0	429012.0
245.0	437382.0
246.0	449771.0
247.0	459994.0
248.0	473383.0
249.0	484843.0
250.0	497275.0
251.0	509021.0
252.0	526128.0
253.0	532753.0
254.0	545120.0
255.0	556673.0
256.0	570909.0
257.0	582618.0
258.0	599262.0
259.0	618198.0
260.0	630752.0
261.0	646824.0
262.0	661483.0
263.0	676935.0
264.0	696752.0
265.0	707983.0
266.0	727363.0
267.0	760299.0
268.0	757620.0
269.0	773556.0
270.0	796296.0
271.0	813556.0
272.0	830461.0
273.0	846153.0
274.0	863905.0
275.0	882155.0
276.0	898199.0
277.0	920091.0
278.0	931124.0
279.0	952729.0
280.0	975439.0
281.0	997121.0
282.0	1017752.0
283.0	1045386.0
284.0	1057043.0
285.0	1073462.0
286.0	1093703.0
287.0	1115203.0
288.0	1140547.0
289.0	1160207.0
290.0	1185497.0
291.0	1212896.0
292.0	1236773.0
293.0	1258107.0
294.0	1277769.0
295.0	1300835.0
296.0	1325801.0
297.0	1340247.0
298.0	1370433.0
299.0	1387025.0
300.0	1414257.0
301.0	1444854.0
302.0	1468622.0
303.0	1493646.0
304.0	1516222.0
305.0	1535765.0
306.0	1555548.0
307.0	1578269.0
308.0	1601126.0
309.0	1624117.0
310.0	1655650.0
311.0	1679161.0
312.0	1702528.0
313.0	1728652.0
314.0	1753301.0
315.0	1775808.0
316.0	1794002.0
317.0	1813712.0
318.0	1832410.0
319.0	1858344.0
320.0	1882494.0
321.0	1905977.0
322.0	1926848.0
323.0	1949129.0
324.0	1983150.0
325.0	1993006.0
326.0	2009421.0
327.0	2024583.0
328.0	2044015.0
329.0	2057571.0
330.0	2077764.0
331.0	2100284.0
332.0	2120752.0
333.0	2141064.0
334.0	2161605.0
335.0	2175967.0
336.0	2187830.0
337.0	2203726.0
338.0	2210907.0
339.0	2223896.0
340.0	2236691.0
341.0	2255545.0
342.0	2268740.0
343.0	2282479.0
344.0	2298585.0
345.0	2307061.0
346.0	2319316.0
347.0	2327129.0
348.0	2330902.0
349.0	2330239.0
350.0	2341124.0
351.0	2344823.0
352.0	2361129.0
353.0	2367502.0
354.0	2371760.0
355.0	2381244.0
356.0	2386035.0
357.0	2382316.0
358.0	2381867.0
359.0	2380751.0
360.0	2376065.0
361.0	2376569.0
362.0	2381757.0
363.0	2382576.0
364.0	2382104.0
365.0	2385409.0
366.0	2378799.0
367.0	2379846.0
368.0	2370906.0
369.0	2364924.0
370.0	2353804.0
371.0	2344550.0
372.0	2337474.0
373.0	2356004.0
374.0	2329649.0
375.0	2328552.0
376.0	2327293.0
377.0	2314700.0
378.0	2301492.0
379.0	2289011.0
380.0	2272606.0
381.0	2262290.0
382.0	2251727.0
383.0	2244118.0
384.0	2233904.0
385.0	2225019.0
386.0	2214317.0
387.0	2205332.0
388.0	2190539.0
389.0	2174121.0
390.0	2154113.0
391.0	2139992.0
392.0	2122913.0
393.0	2111474.0
394.0	2113195.0
395.0	2083186.0
396.0	2071128.0
397.0	2058616.0
398.0	2042546.0
399.0	2022044.0
400.0	2002896.0
401.0	1983387.0
402.0	1966877.0
403.0	1945985.0
404.0	1936216.0
405.0	1919472.0
406.0	1903514.0
407.0	1885428.0
408.0	1865066.0
409.0	1849889.0
410.0	1830339.0
411.0	1805078.0
412.0	1788518.0
413.0	1767223.0
414.0	1748339.0
415.0	1735603.0
416.0	1717319.0
417.0	1703085.0
418.0	1680762.0
419.0	1666827.0
420.0	1642485.0
421.0	1623762.0
422.0	1602087.0
423.0	1581390.0
424.0	1561589.0
425.0	1544246.0
426.0	1527857.0
427.0	1512462.0
428.0	1494722.0
429.0	1474051.0
430.0	1454136.0
431.0	1435921.0
432.0	1415127.0
433.0	1394634.0
434.0	1376937.0
435.0	1367171.0
436.0	1344154.0
437.0	1342199.0
438.0	1307427.0
439.0	1296373.0
440.0	1282128.0
441.0	1256417.0
442.0	1235168.0
443.0	1216109.0
444.0	1197444.0
445.0	1186017.0
446.0	1164501.0
447.0	1147236.0
448.0	1131261.0
449.0	1114718.0
450.0	1096050.0
451.0	1080452.0
452.0	1063383.0
453.0	1043312.0
454.0	1024918.0
455.0	1008991.0
456.0	990163.0
457.0	975478.0
458.0	960732.0
459.0	945238.0
460.0	931944.0
461.0	919801.0
462.0	900454.0
463.0	884153.0
464.0	869008.0
465.0	851926.0
466.0	837849.0
467.0	825936.0
468.0	810378.0
469.0	799088.0
470.0	785200.0
471.0	770159.0
472.0	755822.0
473.0	744059.0
474.0	728937.0
475.0	714848.0
476.0	715868.0
477.0	690400.0
478.0	682780.0
479.0	666632.0
480.0	652188.0
481.0	639338.0
482.0	630026.0
483.0	615698.0
484.0	602712.0
485.0	594960.0
486.0	579695.0
487.0	568724.0
488.0	558013.0
489.0	547036.0
490.0	537386.0
491.0	527365.0
492.0	514470.0
493.0	507145.0
494.0	495872.0
495.0	484438.0
496.0	475174.0
497.0	465556.0
498.0	455415.0
499.0	445681.0
500.0	439279.0
501.0	428683.0
502.0	418069.0
503.0	409704.0
504.0	402743.0
505.0	391731.0
506.0	382435.0
507.0	373934.0
508.0	366393.0
509.0	358422.0
510.0	351837.0
511.0	343619.0
512.0	337801.0
513.0	328667.0
514.0	324053.0
515.0	315423.0
516.0	306451.0
517.0	300356.0
518.0	292975.0
519.0	285988.0
520.0	280090.0
521.0	274769.0
522.0	268551.0
523.0	262761.0
524.0	258526.0
525.0	251997.0
526.0	245995.0
527.0	238648.0
528.0	234191.0
529.0	229107.0
530.0	222465.0
531.0	217528.0
532.0	212989.0
533.0	207774.0
534.0	203214.0
535.0	199822.0
536.0	193301.0
537.0	189417.0
538.0	184037.0
539.0	179697.0
540.0	173705.0
541.0	171003.0
542.0	166040.0
543.0	162881.0
544.0	159512.0
545.0	155324.0
546.0	150744.0
547.0	148851.0
548.0	143652.0
549.0	140169.0
550.0	136285.0
551.0	133250.0
552.0	130701.0
553.0	128028.0
554.0	124428.0
555.0	123321.0
556.0	118277.0
557.0	115236.0
558.0	112244.0
559.0	109381.0
560.0	107473.0
561.0	103897.0
562.0	101202.0
563.0	98983.0
564.0	96781.0
565.0	94187.0
566.0	91771.0
567.0	89916.0
568.0	86981.0
569.0	85572.0
570.0	83558.0
571.0	80996.0
572.0	78592.0
573.0	76033.0
574.0	75272.0
575.0	79539.0
576.0	71437.0
577.0	68759.0
578.0	67383.0
579.0	65633.0
580.0	64173.0
581.0	62266.0
582.0	60621.0
583.0	59767.0
584.0	57804.0
585.0	56225.0
586.0	54840.0
587.0	53607.0
588.0	52512.0
589.0	50956.0
590.0	50394.0
591.0	48666.0
592.0	47334.0
593.0	46633.0
594.0	45266.0
595.0	43826.0
596.0	43039.0
597.0	41963.0
598.0	41404.0
599.0	39974.0
600.0	39461.0
601.0	38781.0
602.0	37398.0
603.0	37007.0
604.0	36069.0
605.0	34420.0
606.0	33989.0
607.0	32780.0
608.0	32530.0
609.0	32633.0
610.0	30357.0
611.0	30461.0
612.0	29086.0
613.0	28366.0
614.0	27518.0
615.0	27115.0
616.0	26620.0
617.0	25663.0
618.0	25419.0
619.0	24988.0
620.0	24040.0
621.0	23407.0
622.0	23085.0
623.0	22709.0
624.0	21919.0
625.0	21463.0
626.0	21160.0
627.0	20528.0
628.0	20173.0
629.0	19909.0
630.0	19041.0
631.0	18613.0
632.0	18142.0
633.0	18727.0
634.0	17402.0
635.0	17199.0
636.0	17091.0
637.0	16305.0
638.0	15876.0
639.0	15370.0
640.0	15380.0
641.0	14813.0
642.0	14374.0
643.0	14356.0
644.0	14032.0
645.0	13810.0
646.0	14288.0
647.0	13156.0
648.0	12934.0
649.0	12901.0
650.0	12649.0
651.0	12206.0
652.0	12101.0
653.0	11711.0
654.0	12247.0
655.0	11574.0
656.0	11417.0
657.0	10929.0
658.0	10936.0
659.0	10562.0
660.0	10458.0
661.0	11328.0
662.0	10538.0
663.0	10761.0
664.0	9970.0
665.0	11097.0
666.0	9763.0
667.0	9724.0
668.0	9285.0
669.0	9784.0
670.0	8957.0
671.0	8577.0
672.0	8508.0
673.0	8472.0
674.0	7987.0
675.0	7790.0
676.0	7787.0
677.0	7626.0
678.0	7418.0
679.0	7626.0
680.0	7265.0
681.0	7196.0
682.0	7053.0
683.0	7238.0
684.0	6707.0
685.0	6765.0
686.0	6725.0
687.0	7300.0
688.0	6920.0
689.0	5830.0
690.0	5738.0
691.0	6162.0
692.0	5542.0
693.0	5612.0
694.0	5170.0
695.0	4949.0
696.0	4523.0
697.0	4330.0
698.0	4315.0
699.0	4538.0
700.0	4312.0
701.0	3808.0
702.0	3688.0
703.0	3473.0
704.0	3492.0
705.0	3411.0
706.0	2807.0
707.0	2607.0
708.0	2637.0
709.0	2473.0
710.0	2439.0
711.0	2424.0
712.0	2371.0
713.0	2466.0
714.0	2210.0
715.0	2275.0
716.0	2177.0
717.0	2195.0
718.0	2094.0
719.0	2077.0
720.0	2023.0
721.0	1959.0
722.0	1993.0
723.0	1913.0
724.0	1892.0
725.0	1821.0
726.0	1725.0
727.0	1806.0
728.0	1708.0
729.0	1721.0
730.0	1664.0
731.0	1615.0
732.0	1622.0
733.0	1571.0
734.0	1581.0
735.0	1469.0
736.0	1530.0
737.0	1518.0
738.0	1436.0
739.0	1432.0
740.0	1376.0
741.0	1370.0
742.0	1362.0
743.0	1345.0
744.0	1345.0
745.0	1303.0
746.0	1298.0
747.0	1264.0
748.0	1249.0
749.0	1221.0
750.0	1103.0
751.0	1166.0
752.0	1167.0
753.0	1150.0
754.0	1168.0
755.0	1109.0
756.0	1157.0
757.0	1271.0
758.0	1037.0
759.0	1070.0
760.0	1047.0
761.0	1035.0
762.0	993.0
763.0	1003.0
764.0	985.0
765.0	966.0
766.0	946.0
767.0	888.0
768.0	838.0
769.0	862.0
770.0	825.0
771.0	875.0
772.0	770.0
773.0	858.0
774.0	828.0
775.0	881.0
776.0	855.0
777.0	967.0
778.0	810.0
779.0	788.0
780.0	791.0
781.0	673.0
782.0	766.0
783.0	760.0
784.0	762.0
785.0	698.0
786.0	758.0
787.0	706.0
788.0	892.0
789.0	690.0
790.0	645.0
791.0	647.0
792.0	621.0
793.0	690.0
794.0	628.0
795.0	626.0
796.0	614.0
797.0	685.0
798.0	622.0
799.0	639.0
800.0	587.0
801.0	599.0
802.0	591.0
803.0	587.0
804.0	586.0
805.0	536.0
806.0	562.0
807.0	508.0
808.0	549.0
809.0	508.0
810.0	593.0
811.0	588.0
812.0	506.0
813.0	464.0
814.0	575.0
815.0	440.0
816.0	485.0
817.0	482.0
818.0	507.0
819.0	499.0
820.0	559.0
821.0	536.0
822.0	499.0
823.0	467.0
824.0	475.0
825.0	519.0
826.0	464.0
827.0	484.0
828.0	490.0
829.0	452.0
830.0	542.0
